20971520S
1271146 2
6372 1
-6547 -1
4204877 1
6882 1
5397 1
5967 1
8120 1
-4289540 -5
1246 1
17919810 1
-18166607 -2
24547 1
-25048 -1
990618 1
-1003594 -1
12413 1
-12726 -1
13378 1
20980 1
-35197 -2
19633 1
28435 1
-49206 -2
65208 1
33050 1
-100646 -2
3981 1
-4087 -1
104472 1
12368 1
12119 1
-130959 -3
2141 1
-2201 -1
7303 1
21026 1
111925 1
-142465 -3
2841 1
7211 1
-10319 -2
6579 1
-6743 -1
6112 1
65483 1
50659 1
-125207 -3
3390 1
53538 1
12086 1
-70347 -3
1346322 1
-1364881 -1
43097 1
-44268 -1
13101 1
9010 1
879026 1
-913780 -3
7447 1
-7622 -1
550504 1
-557723 -1
72629 1
-73603 -1
5781 1
-5941 -1
2312 1
-2387 -1
155855 1
-158123 -1
4577114 1
-4636618 -1
111555 1
-113225 -1
822386 1
1983 1
-835717 -2
87741 1
52732 1
-143285 -2
12527 1
-12803 -1
6514 1
-6676 -1
13800 1
7843 1
-22144 -2
6607 1
-6773 -1
11621 1
-11961 -1
3949154 1
-4000520 -1
9270262 1
9927 1
-9407518 -2
413439 1
-418854 -1
40605 1
5220 1
-47044 -2
66263 1
-67156 -1
18411 1
-18805 -1
675815 1
-684721 -1
14405 1
-14824 -1
6607 1
-6773 -1
7465 1
-7677 -1
42860 1
19737 1
-64129 -2
567604 1
-575165 -1
105339 1
-107045 -1
1324021 1
-1341260 -1
145395 1
-147346 -1
608634 1
555499 1
-1179487 -2
2160 1
72091 1
-75862 -2
9407 1
-9646 -1
371900 1
-376762 -1
2624 1
-2694 -1
719437 1
-729212 -1
5607 1
-5766 -1
5618 1
9700 1
569841 1
43693 1
-638046 -4
156816 1
-159001 -1
351377 1
-355978 -1
6530 1
-6694 -1
958945 1
548458 1
11703 1
9152 1
-1549032 -4
3562155 1
-3608457 -1
954429 1
-966855 -1
224791 1
-227938 -1
251780 1
60722 1
-316874 -2
6626 1
-6789 -1
1240929 1
-1258002 -1
29552 1
-30216 -1
34330 1
7549 1
7527 1
878645 1
45327 1
-987628 -5
963518 1
-976775 -1
6419 1
-6579 -1
1683 1
-1731 -1
9135 1
-9340 -1
64189 1
-65616 -1
5294 1
-5440 -1
100695 1
-102073 -1
2921 1
-3007 -1
76400 1
-77431 -1
60714 1
64219 1
52972 1
10954 1
-193064 -4
7661682 1
-7761448 -1
248067 1
-251613 -1
12090 1
-12394 -1
1641986 1
-1664536 -1
6608 1
-6774 -1
800665 1
-811705 -1
42595 1
-43751 -1
99916 1
-101296 -1
6647 1
-6813 -1
1349762 1
1484738 1
10111 1
-2882081 -3
963422 1
53436 1
-1031506 -2
761980 1
-772486 -1
3689 1
-3787 -1
6079 1
-6226 -1
6698 1
-6846 -1
6569 1
-6715 -1
6614 1
-6761 -1
41637 1
17520 1
4507 1
-64988 -3
1993864 1
-2021306 -1
21338 1
-21823 -1
2810399 1
320232 1
-3172124 -2
224959 1
-228389 -1
240314 1
374593 1
228859 1
310089 1
283665 1
9033 1
802189 1
8116 1
10886 1
8670 1
10150 1
-2319940 -11
6343 1
-6509 -1
7884 1
-8110 -1
71919 1
-73414 -1
68688 1
1097797 1
-1183185 -2
82232 1
68917 1
83448 1
7299 1
28363 1
-276154 -5
19886 1
-20436 -1
22132 1
6933 1
-29790 -2
939108 1
43432 1
-996794 -2
24899 1
-25370 -1
598956 1
-607295 -1
73509 1
-74503 -1
17544 1
-17886 -1
72273 1
20742 1
37604 1
-133225 -3
25158 1
500101 1
-532728 -2
8096 1
-8284 -1
4700 1
298509 1
-308036 -2
60414 1
38885 1
-101274 -2
18110 1
12884 1
18593 1
71203 1
-123127 -4
