31457280S,0C
2438140 104
54428 1
157197 1
-240913 -8
6056 1
10595 1
6220 1
1784 1
22364 1
1561 1
3001 1
19721 1
51160 1
5168 1
9536 1
18850 1
19730 1
-175746 -13
36643 1
1883 1
3121 1
7182 1
-48829 -4
43504 1
-43504 -1
5024 1
1283 1
6335 1
44714 1
21674 1
199287 1
41087 1
1992 1
21038 1
3146 1
-345580 -10
11948 1
-11948 -1
69588 1
-69588 -1
165685 1
2067 1
40315 1
1538 1
15320 1
-224925 -5
22420 1
27933928 1
-27956348 -2
2642 1
-2642 -1
2369 1
-2369 -1
2780 1
2782 1
-5562 -2
7011 1
-7011 -1
22207 1
1805 1
168589 1
16260 1
2103 1
3313 1
1183899 1
-1398176 -7
6793 1
11999 1
29288 1
6391 1
52455 1
128545 1
7136 1
1194 1
-243801 -8
1452 1
2139 1
23093 1
-26684 -3
6453 1
8415 1
51794 1
2223 1
3446 1
6210 1
7112 1
11409 1
5204 1
24495 1
58726 1
7195096 1
-7380583 -12
25731 1
-25731 -1
35135 1
12204 1
23189 1
6407 1
35743 1
81926 1
-194604 -6
14241 1
-14241 -1
6311 1
-6311 -1
15946 1
-15946 -1
25921 1
1256 1
6570 1
35890 1
-69637 -4
17868 1
7209 1
-25077 -2
2648 1
-2648 -1
4494 1
8408 1
5716 1
13393 1
-32011 -4
18354 1
-18354 -1
27298 1
17765 1
21836 1
73154 1
-140053 -4
6592 1
-6592 -1
8174 1
-8174 -1
62614 1
55893 1
8354 1
6823 1
6820 1
17163 1
6821 1
6821 1
35529 1
47114 1
42115 1
6523 1
52534 1
20008 1
67762 1
-442894 -15
38162 1
-38162 -1
23677 1
255119 1
-278796 -2
39211 1
-39211 -1
33674 1
-33674 -1
254432 1
34222 1
22873 1
33063 1
22679 1
10018 1
25188 1
34623 1
19062 1
255927 1
9421 1
25233 1
9404 1
33654 1
23065 1
23191 1
68264 1
19060 1
9402 1
-932781 -19
7463 1
27566 1
36495 1
19060 1
-90584 -4
235453 1
-239355 -1
9521 1
-9717 -1
38735 1
30158 1
19563 1
29695 1
38205 1
24086 1
59782 1
19562 1
3445 1
179080 1
31406 1
81502 1
31017 1
45718 1
21237 1
166849 1
33105 1
42558 1
-912319 -18
20346 1
20346 1
8617 1
29799 1
79040 1
8797 1
45209 1
153623 1
357500 1
29486 1
32948 1
30374 1
76797 1
44622 1
22521 1
26931 1
41569 1
69666 1
43743 1
26656 1
65472 1
-1256312 -21
40714 1
-41713 -1
26809 1
-27299 -1
41170 1
-42176 -1
23848 1
-24498 -1
42249 1
33566 1
55766 1
36849 1
27243 1
-199991 -5
19256 1
21642 1
33971 1
-76459 -3
42334 1
19256 1
38764 1
29268 1
9326 1
41619 1
9584 1
18085 1
26452 1
9584 1
2402969 1
9584 1
23764 1
85559 1
29264 1
28302 1
85631 1
21742 1
29276 1
84344 1
68108 1
27373 1
-3187317 -22
43679 1
28340 1
42380 1
110669 1
27548 1
23915 1
43991 1
6871 1
258234 1
26680 1
12408 1
-637641 -11
34060 1
283298 1
37273 1
61049 1
93120 1
27546 1
283294 1
89331 1
36974 1
26608 1
40850 1
27530 1
23981 1
283285 1
40769 1
65435 1
22030 1
24906 1
-1530103 -18
28411 1
-28914 -1
41255 1
24914 1
25860 1
32533 1
24262 1
27990 1
43967 1
-225622 -7
254310 1
39348 1
25756 1
21853 1
42968 1
32049 1
42243 1
28320 1
66296 1
43241 1
189957 1
18253 1
26736 1
42199 1
20506 1
25208 1
26613 1
98539 1
23183 1
32542 1
9258 1
26947 1
191634 1
44077 1
9256 1
27420 1
21592 1
21592 1
9258 1
33058 1
64705 1
9258 1
42692 1
19293 1
34312 1
75863 1
13773 1
32685 1
25677 1
-1847404 -39
41493 1
-42539 -1
85346 1
-86531 -1
10460 1
-10654 -1
91546 1
-93094 -1
30966 1
-31487 -1
21697 1
-22214 -1
40427 1
33380 1
-75323 -2
9386 1
38286 1
64254 1
98548 1
