52428800S,0C
0 0
2463 1
2479 1
2497 1
2672 1
3402 1
2892 1
3222 1
47425 1
-67052 -8
7362 1
-7362 -1
14196 1
-14196 -1
349571 1
-349571 -1
3218 1
3220 1
3687 1
-10125 -3
7308 1
-7308 -1
3220 1
3222 1
4805 1
3083 1
3222 1
108755 1
2717 1
2647 1
3220 1
-134891 -9
7256 1
-7256 -1
3220 1
3222 1
108683 1
3220 1
2213 1
2243 1
-122801 -6
7682 1
-7682 -1
3220 1
3220 1
3148 1
2525 1
1986 1
1846 1
3220 1
3220 1
2188 1
2432 1
2443 1
3220 1
2908 1
3335 1
2347 1
2434 1
2474 1
3220 1
3220 1
3222 1
3220 1
2251 1
2325 1
112658 1
4700 1
3907 1
4966 1
5059 1
5270 1
4782 1
4780 1
4901 1
4901 1
5095 1
4110 1
5814 1
4901 1
4899 1
122990 1
4901 1
121860 1
4901 1
12314 1
12664 1
5999 1
5285 1
5268 1
4388 1
60545 1
4901 1
2854 1
2859 1
-616096 -52
7648 1
-7648 -1
6970 1
3072568 1
13443 1
166376 1
-3259357 -4
3990 1
-3990 -1
7001 1
-7001 -1
12801 1
2972 1
2967 1
4898 1
32644 1
23870 1
1093 1
10309 1
10546 1
1201 1
102841 1
6491 1
268739 1
22886 1
24569 1
24577 1
12802 1
107521 1
130245 1
13124 1
2859 1
14661 1
114797 1
12565 1
2876 1
6655 1
4292 1
87315 1
4471 1
2697 1
10406 1
148576 1
4137 1
92899 1
4139 1
261789 1
3357 1
3730 1
11301 1
17044 1
17979 1
22685 1
21993 1
14413 1
128265 1
4671 1
2855 1
4139 1
2850 1
4137 1
4240 1
48304 1
-1681875 -50
4238 1
4238 1
-8644 -2
298325 1
-302455 -1
6396 1
4828 1
6343 1
9793 1
34071 1
251914 1
251880 1
5291 1
5541 1
8719 1
16665 1
25289 1
30892 1
11400 1
11767 1
28171 1
23865 1
23333 1
23367 1
25389 1
13388 1
8035 1
13357 1
12824 1
64691 1
