83886080S
15744153 106
466065 1
-472643 -1
796406 1
-808473 -1
4099 1
-4189 -1
161536 1
-163954 -1
603272 1
-612658 -1
401171 1
-406794 -1
7281 1
-7445 -1
484291 1
-492521 -1
211885 1
-215426 -1
349164 1
-353753 -1
637369 1
-647178 -1
488045 1
-496386 -1
272658 1
4755 1
4826 1
225983 1
-515521 -4
487465 1
-495794 -1
662013 1
-672108 -1
4676 1
31568 1
-36960 -2
668615 1
-678930 -1
8735 1
-8917 -1
488045 1
-496411 -1
11935 1
11709 1
-24137 -2
662740 1
-672881 -1
8888 1
8888 1
-9017 -1
9303 1
9303 1
-9437 -1
