2147483647C
466218013 3192
20461 1
23835 1
25633 1
9495 1
1018428 1
103679 1
19785 1
28819 1
46076 1
12198 1
19760 1
11154 1
73089 1
96712 1
7116 1
7510 1
95319 1
21389 1
69567 1
15241 1
18016 1
3545 1
36828 1
50779 1
7926 1
8512 1
7420 1
100615 1
63165 1
50604 1
708525 1
7501 1
10924 1
27980 1
100615 1
9940 1
19292 1
62193 1
68910 1
34758 1
86993 1
17509 1
7113 1
32607 1
437184 1
9193 1
14483 1
29035 1
11429 1
5547 1
67618 1
12248 1
9369 1
26396 1
7991 1
16000 1
98105 1
31315 1
78212 1
27412 1
98111 1
15266 1
59080 1
98666 1
33180 1
78610 1
20247 1
7115 1
261132 1
261133 1
332346 1
174482 1
7194 1
29647 1
24552 1
97664 1
159114 1
19300 1
12725 1
9664 1
31466 1
53773 1
142109 1
22545 1
102324 1
631172 1
109440 1
10939 1
51880 1
926890 1
63729 1
14062 1
7506 1
26113 1
13997 1
53368 1
109452 1
30471 1
59181 1
81633 1
111176 1
53279 1
22306 1
49384 1
13178 1
7343 1
6783 1
6783 1
56024 1
13182 1
6410206 1
7115 1
118581 1
15101 1
1505640 1
99074 1
256599 1
24744 1
4641 1
79164 1
97667 1
25259 1
13199 1
8072 1
8428 1
1117816 1
13061 1
26767 1
9176 1
60381 1
76981 1
20647 1
90005 1
7114 1
439422 1
98050 1
97960 1
97754 1
9198 1
90701 1
13991 1
26270 1
58917 1
6302 1
15036 1
14308 1
97811 1
35206 1
35334 1
25603 1
26532 1
12175 1
19521 1
7380 1
81846 1
9684 1
28626 1
76780 1
10516 1
7118 1
9330 1
163061 1
60081 1
34290 1
42646 1
23685 1
8792 1
490718 1
14582 1
13190 1
9798 1
39871 1
9393 1
37387 1
13665 1
6335 1
8509 1
16285 1
1242752 1
76316 1
28299 1
14157 1
8576 1
26820 1
32239 1
7118 1
7518 1
9121 1
68740 1
52786 1
250899 1
61327 1
26118 1
26137 1
13890 1
8735 1
15907 1
85213 1
6519 1
14013 1
24403 1
1242707 1
13953 1
55116 1
