52428800S
5096669 292
-25643 -1
236449 1
-239761 -1
163061 1
-165432 -1
475927 1
-482126 -1
4586 1
-4664 -1
165728 1
-168289 -1
169595 1
-172114 -1
14582 1
-14907 -1
11821 1
-11969 -1
24184 1
-24600 -1
13190 1
-13475 -1
44804 1
-45876 -1
9297 1
13022 1
5046 1
1242758 1
59127 1
8527 1
4594 1
23376 1
13022 1
8576 1
9713 1
-1416776 -11
4582 1
-4660 -1
8735 1
48469 1
12884 1
159165 1
1242713 1
-1492089 -5
24101 1
-24237 -1
31157 1
-31695 -1
30968 1
10147 1
-41749 -2
11086 1
12132 1
-23437 -2
31044 1
-31580 -1
