52428800S
1260694 5
557104 1
1572640 1
557014 1
17520 1
70373 1
23797 1
9495 1
706649 1
1399800 1
1993864 1
370057 1
-7379284 -11
224959 1
236576 1
3159 1
34116 1
374593 1
228859 1
72069 1
8116 1
8670 1
27585 1
10150 1
71919 1
-1321374 -12
5223 1
-5332 -1
82232 1
5182 1
83448 1
-174342 -3
7299 1
-7514 -1
22132 1
390725 1
83004 1
939108 1
557071 1
2840 1
73509 1
-2097904 -7
72273 1
-73543 -1
37604 1
708744 1
20570 1
8096 1
332858 1
318704 1
3773 1
4700 1
298509 1
26419 1
1113936 1
2906 1
265532 1
5542 1
10125 1
2504 1
7924 1
26430 1
16090 1
27466 1
18164 1
85912 1
162666 1
60414 1
4314 1
21233 1
1196255 1
700426 1
21346 1
25046 1
18090 1
5429 1
45948 1
-5683822 -33
4708 1
-4849 -1
9936 1
26831 1
5937 1
6301 1
502198 1
27145 1
26854 1
9294 1
9891 1
7703 1
1406899 1
1402375 1
6352 1
28379 1
-3525874 -14
60083 1
-61463 -1
12884 1
-13167 -1
4113 1
8978 1
-13426 -2
