52428800S,0C
0 0
7386 1
7609 1
12331 1
100795 1
102963 1
102915 1
103720 1
10169 1
10168 1
10169 1
9546 1
7450 1
7326 1
7013 1
9681 1
9665 1
4984 1
4603 1
78450 1
7199 1
68045 1
7632 1
6951 1
7199 1
9625 1
93754 1
93337 1
93407 1
7785 1
7782 1
10689 1
6891 1
280408 1
20857 1
6723 1
47345 1
12727 1
9470 1
183360 1
125930 1
121562 1
9758 1
13511 1
11238 1
112703 1
112718 1
108138 1
122421 1
121994 1
121791 1
60432 1
135116 1
101899 1
166735 1
167220 1
166293 1
12363 1
57519 1
57528 1
268858 1
390695 1
9159 1
12538 1
11952 1
11952 1
11055 1
11943 1
12600 1
12083 1
427300 1
12010 1
262485 1
12870 1
135384 1
10216 1
10066 1
12148 1
12891 1
10741 1
12416 1
10494 1
8909 1
10257 1
10492 1
7931 1
413853 1
10261 1
266550 1
8331 1
10677 1
183218 1
10320 1
413440 1
13393 1
11793 1
505350 1
11027 1
15624 1
16492 1
10195 1
10544 1
9814 1
10849 1
16970 1
11107 1
12059 1
13871 1
10702 1
13230 1
10883 1
17351 1
11874 1
11904 1
12306 1
4620 1
4587 1
8912 1
13786 1
18393 1
19719 1
