1073741824S,0C
15071 1
21841 1
14485 1
8791 1
12972 1
19260 1
4031 1
13598 1
17877 1
15588 1
17090 1
17720 1
3420 1
13016 1
2470 1
15987 1
17251 1
1225 1
1225 1
1225 1
1225 1
1225 1
1225 1
1225 1
1225 1
1225 1
1225 1
2618 1
1176 1
1176 1
1176 1
1176 1
1176 1
5691 1
6327 1
6861 1
2411 1
2419 1
2588 1
2582 1
2718 1
2603 1
5683 1
2445 1
2597 1
1196 1
2549 1
1237 1
1237 1
2600 1
2603 1
1237 1
2604 1
1237 1
2422 1
1237 1
1237 1
1237 1
1237 1
1237 1
2716 1
2715 1
2990 1
2546 1
396434 1
5936 1
2547 1
2610 1
2720 1
2727 1
2609 1
2998 1
2561 1
3401 1
3399 1
2557 1
2613 1
2505 1
397418 1
2511 1
2650 1
2643 1
2731 1
2373 1
2675 1
2676 1
2453 1
2726 1
2976 1
2977 1
2552 1
2726 1
2977 1
3542 1
3288 1
14882 1
3012 1
3644 1
3222 1
1215 1
1213 1
2735 1
2671 1
2562 1
10249 1
1213 1
2560 1
2592 1
1213 1
2369 1
2375 1
3317 1
3260 1
3261 1
3481 1
3008 1
3155 1
1213 1
1213 1
1213 1
1213 1
1213 1
1213 1
1213 1
1213 1
1213 1
2556 1
2648 1
3317 1
3217 1
2939 1
3924 1
3132 1
3511 1
3001 1
7093 1
7692 1
5917 1
2668 1
2669 1
2671 1
2427 1
3562 1
3422 1
6146 1
3007 1
22739 1
2376 1
2376 1
2510 1
2501 1
2983 1
2983 1
5535 1
3546 1
3241 1
3125 1
3289 1
2674 1
2670 1
2648 1
2222 1
2561 1
